Time,PositionX,PositionY,PositionZ
0.3533334,1.259032E-07,1.188995,-0.002499569
0.455696,-3.81202E-07,0.7927094,-0.00225525
0.5625315,0.005025513,0.8723362,-0.01302053
0.6668552,0.006996745,0.871882,-0.01274708
0.7743987,0.004593518,0.8628771,-0.006803971
0.8802515,0.002354346,0.8609518,-0.001483906
0.9813268,0.001214047,0.8627005,0.0005666353
1.088864,0.0006984425,0.8649377,0.0007591322
1.19257,0.0007066857,0.8666182,-0.0001538694
1.29888,0.001109137,0.8675479,-0.001148414
1.405315,0.002979193,0.8681543,0.004445057
1.512704,0.006759319,0.868853,0.02624782
1.68609,0.01795333,0.8700644,0.1271784
1.845709,0.02874836,0.8701983,0.2952674
1.995692,0.02765578,0.869862,0.5049626
2.137025,0.01060917,0.8697726,0.7706742
2.306354,-0.04490387,0.8693815,1.192589
2.482759,-0.1182711,0.8700486,1.711607
2.668599,-0.1957239,0.8701376,2.326727
2.771758,-0.2577369,0.869479,2.705009
2.933328,-0.4015024,0.8690407,3.360052
3.105973,-0.6058946,0.8698049,4.184966
3.276299,-0.8042311,0.8692762,4.999279
3.450893,-1.022367,0.8681582,6.006957
3.622948,-1.186638,0.8685994,7.112437
3.805893,-1.266404,0.8681948,8.306643
3.994044,-1.233397,0.8682479,9.588005
4.105734,-1.14538,0.8680729,10.46878
4.290509,-0.9169736,0.8681525,11.78638
4.494589,-0.523706,0.8675426,13.20789
4.597396,-0.3131403,0.8629501,13.91182
4.781264,0.07047113,0.8688816,15.32738
4.950621,0.3064642,0.8664386,16.46115
5.121114,0.4445693,0.8667073,17.74018
5.307375,0.4626754,0.8681394,19.01559
5.413217,0.4218275,0.8678045,19.71863
5.521705,0.3316086,0.8675259,20.55606
5.624878,0.2139659,0.8658298,21.24455
5.725533,0.1072525,0.8647981,21.93225
5.82687,0.01287978,0.865667,22.62176
6.004934,-0.1069029,0.8678216,23.85997
6.170562,-0.1127225,0.8676042,24.94888
6.355388,-0.01203703,0.8665679,26.15846
6.554127,0.2250232,0.8658797,27.47699
6.740114,0.4582736,0.8632435,28.78931
6.914433,0.5998214,0.8671212,29.83872
7.111505,0.6392093,0.8676949,31.13952
7.295923,0.5622184,0.8673674,32.29683
7.396957,0.5199375,0.8648704,32.93764
7.567414,0.4751598,0.8679608,34.08866
7.736641,0.5046674,0.8675353,35.0996
7.915854,0.6505948,0.8673145,36.21264
8.022352,0.8023971,0.8684128,36.94093
8.132937,0.9576246,0.8669587,37.53948
8.335465,1.346602,0.8668643,38.70721
8.437248,1.578503,0.8667556,39.27515
8.640907,2.127166,0.8637423,40.50178
8.742684,2.355594,0.8648919,41.06587
8.848043,2.569837,0.8678039,41.63188
9.02832,2.859226,0.8680452,42.66795
9.219851,3.04655,0.8670833,43.71562
9.322627,3.124642,0.8677804,44.41795
9.43127,3.161633,0.8676038,45.0042
9.541741,3.171846,0.8671492,45.70692
9.645475,3.154161,0.8669333,46.29086
9.747315,3.123459,0.8675898,46.87478
9.85268,3.091771,0.8680441,47.45961
9.958958,3.064988,0.8683137,48.04502
10.06331,3.035337,0.8683819,48.74751
10.17282,3.012347,0.868257,49.33288
10.2746,2.991601,0.8681167,49.91823
10.37494,2.973005,0.8680436,50.50352
10.47823,2.961058,0.868053,51.08873
10.58448,2.970013,0.8680261,51.78918
10.68766,2.981412,0.8641282,52.37114
10.79284,2.978798,0.8630344,52.95097
10.90145,2.966888,0.8653791,53.64477
11.01201,2.959721,0.8672429,54.22326
11.11204,2.949695,0.868304,54.80166
