Time,PositionX,PositionY,PositionZ
0.35,0.00,1.19,0.00
0.47,0.00,0.84,0.00
0.57,0.01,0.87,-0.01
0.68,0.01,0.87,-0.01
0.78,0.00,0.86,-0.01
0.88,0.00,0.86,0.00
1.00,0.00,0.86,0.00
1.10,0.00,0.87,0.02
1.20,0.00,0.87,0.07
1.31,0.00,0.87,0.13
1.41,0.01,0.87,0.22
1.51,0.03,0.87,0.34
1.62,0.06,0.87,0.52
1.73,0.09,0.87,0.71
1.84,0.13,0.87,0.97
1.96,0.18,0.87,1.21
2.07,0.26,0.87,1.55
2.18,0.34,0.87,1.92
2.29,0.41,0.87,2.27
2.40,0.50,0.87,2.72
2.51,0.56,0.87,3.14
2.62,0.63,0.87,3.58
2.72,0.72,0.87,4.15
2.83,0.80,0.87,4.66
2.94,0.88,0.87,5.20
3.05,1.00,0.87,5.89
3.16,1.13,0.87,6.61
3.27,1.23,0.87,7.25
3.37,1.34,0.87,7.92
3.48,1.47,0.87,8.76
3.60,1.60,0.87,9.64
3.71,1.73,0.87,10.40
3.82,1.89,0.87,11.19
3.92,2.13,0.87,12.15
4.03,2.36,0.87,12.96
4.14,2.66,0.87,13.78
4.25,3.08,0.87,14.76
4.35,3.49,0.87,15.59
4.46,3.96,0.87,16.40
4.57,4.59,0.87,17.37
4.68,5.17,0.87,18.15
4.78,5.65,0.93,18.90
4.89,5.52,1.03,19.26
4.99,5.43,1.06,19.61
5.10,5.39,1.04,20.01
5.20,5.40,0.97,20.31
5.31,5.38,0.92,20.63
5.41,5.39,0.86,20.89
5.52,5.44,0.85,21.07
5.62,5.50,0.88,21.23
5.73,5.52,0.88,21.34
5.83,5.53,0.87,21.42
5.94,5.54,0.87,21.45
6.05,5.54,0.87,21.44
6.16,5.53,0.86,21.42
6.27,5.53,0.86,21.41
6.37,5.53,0.85,21.40
6.48,5.53,0.85,21.39
6.59,5.53,0.85,21.38
6.70,5.53,0.86,21.37
6.80,5.52,0.86,21.36
6.91,5.53,0.86,21.35
7.02,5.53,0.87,21.35
